2025/02/09-15:46:26.147633 181c RocksDB version: 9.9.3
2025/02/09-15:46:26.148088 181c Compile date 2024-12-05 01:25:31
2025/02/09-15:46:26.148101 181c DB SUMMARY
2025/02/09-15:46:26.148109 181c Host name (Env):  MYDDE-PC
2025/02/09-15:46:26.148114 181c DB Session ID:  I6BT9V102YG7KSB6OVGJ
2025/02/09-15:46:26.148297 181c SST files in D:\boulot\python\wollama\src-tauri/database/wollama dir, Total Num: 0, files: 
2025/02/09-15:46:26.148307 181c Write Ahead Log file in D:\boulot\python\wollama\src-tauri/database/wollama: 
2025/02/09-15:46:26.148313 181c                         Options.error_if_exists: 0
2025/02/09-15:46:26.148319 181c                       Options.create_if_missing: 1
2025/02/09-15:46:26.148324 181c                         Options.paranoid_checks: 1
2025/02/09-15:46:26.156430 181c             Options.flush_verify_memtable_count: 1
2025/02/09-15:46:26.156437 181c          Options.compaction_verify_record_count: 1
2025/02/09-15:46:26.156439 181c                               Options.track_and_verify_wals_in_manifest: 0
2025/02/09-15:46:26.156441 181c        Options.verify_sst_unique_id_in_manifest: 1
2025/02/09-15:46:26.156443 181c                                     Options.env: 00000269D34EA2C0
2025/02/09-15:46:26.156446 181c                                      Options.fs: WinFS
2025/02/09-15:46:26.156449 181c                                Options.info_log: 00000269D34EDED0
2025/02/09-15:46:26.156451 181c                Options.max_file_opening_threads: 16
2025/02/09-15:46:26.156453 181c                              Options.statistics: 0000000000000000
2025/02/09-15:46:26.156455 181c                               Options.use_fsync: 0
2025/02/09-15:46:26.156456 181c                       Options.max_log_file_size: 0
2025/02/09-15:46:26.156458 181c                  Options.max_manifest_file_size: 1073741824
2025/02/09-15:46:26.156460 181c                   Options.log_file_time_to_roll: 0
2025/02/09-15:46:26.156462 181c                       Options.keep_log_file_num: 1
2025/02/09-15:46:26.156464 181c                    Options.recycle_log_file_num: 0
2025/02/09-15:46:26.156466 181c                         Options.allow_fallocate: 1
2025/02/09-15:46:26.156468 181c                        Options.allow_mmap_reads: 0
2025/02/09-15:46:26.156470 181c                       Options.allow_mmap_writes: 0
2025/02/09-15:46:26.156471 181c                        Options.use_direct_reads: 0
2025/02/09-15:46:26.156473 181c                        Options.use_direct_io_for_flush_and_compaction: 0
2025/02/09-15:46:26.156475 181c          Options.create_missing_column_families: 0
2025/02/09-15:46:26.156477 181c                              Options.db_log_dir: 
2025/02/09-15:46:26.156479 181c                                 Options.wal_dir: 
2025/02/09-15:46:26.156481 181c                Options.table_cache_numshardbits: 6
2025/02/09-15:46:26.156483 181c                         Options.WAL_ttl_seconds: 0
2025/02/09-15:46:26.156484 181c                       Options.WAL_size_limit_MB: 0
2025/02/09-15:46:26.156486 181c                        Options.max_write_batch_group_size_bytes: 1048576
2025/02/09-15:46:26.156488 181c             Options.manifest_preallocation_size: 4194304
2025/02/09-15:46:26.156490 181c                     Options.is_fd_close_on_exec: 1
2025/02/09-15:46:26.156492 181c                   Options.advise_random_on_open: 1
2025/02/09-15:46:26.156494 181c                    Options.db_write_buffer_size: 0
2025/02/09-15:46:26.156496 181c                    Options.write_buffer_manager: 00000269D34EAEF0
2025/02/09-15:46:26.156498 181c           Options.random_access_max_buffer_size: 1048576
2025/02/09-15:46:26.156499 181c                      Options.use_adaptive_mutex: 0
2025/02/09-15:46:26.156501 181c                            Options.rate_limiter: 0000000000000000
2025/02/09-15:46:26.156508 181c     Options.sst_file_manager.rate_bytes_per_sec: 0
2025/02/09-15:46:26.156510 181c                       Options.wal_recovery_mode: 2
2025/02/09-15:46:26.156511 181c                  Options.enable_thread_tracking: 0
2025/02/09-15:46:26.156513 181c                  Options.enable_pipelined_write: 0
2025/02/09-15:46:26.156533 181c                  Options.unordered_write: 0
2025/02/09-15:46:26.156536 181c         Options.allow_concurrent_memtable_write: 1
2025/02/09-15:46:26.156538 181c      Options.enable_write_thread_adaptive_yield: 1
2025/02/09-15:46:26.156540 181c             Options.write_thread_max_yield_usec: 100
2025/02/09-15:46:26.156542 181c            Options.write_thread_slow_yield_usec: 3
2025/02/09-15:46:26.156544 181c                               Options.row_cache: None
2025/02/09-15:46:26.156546 181c                              Options.wal_filter: None
2025/02/09-15:46:26.156547 181c             Options.avoid_flush_during_recovery: 0
2025/02/09-15:46:26.156549 181c             Options.allow_ingest_behind: 0
2025/02/09-15:46:26.156551 181c             Options.two_write_queues: 0
2025/02/09-15:46:26.156553 181c             Options.manual_wal_flush: 0
2025/02/09-15:46:26.156555 181c             Options.wal_compression: 0
2025/02/09-15:46:26.156556 181c             Options.background_close_inactive_wals: 0
2025/02/09-15:46:26.156558 181c             Options.atomic_flush: 0
2025/02/09-15:46:26.156560 181c             Options.avoid_unnecessary_blocking_io: 0
2025/02/09-15:46:26.156562 181c             Options.prefix_seek_opt_in_only: 0
2025/02/09-15:46:26.156564 181c                 Options.persist_stats_to_disk: 0
2025/02/09-15:46:26.156565 181c                 Options.write_dbid_to_manifest: 1
2025/02/09-15:46:26.156567 181c                 Options.write_identity_file: 1
2025/02/09-15:46:26.156569 181c                 Options.log_readahead_size: 0
2025/02/09-15:46:26.156571 181c                 Options.file_checksum_gen_factory: Unknown
2025/02/09-15:46:26.156573 181c                 Options.best_efforts_recovery: 0
2025/02/09-15:46:26.156575 181c                Options.max_bgerror_resume_count: 2147483647
2025/02/09-15:46:26.156577 181c            Options.bgerror_resume_retry_interval: 1000000
2025/02/09-15:46:26.156579 181c             Options.allow_data_in_errors: 0
2025/02/09-15:46:26.156580 181c             Options.db_host_id: __hostname__
2025/02/09-15:46:26.156582 181c             Options.enforce_single_del_contracts: true
2025/02/09-15:46:26.156587 181c             Options.metadata_write_temperature: kUnknown
2025/02/09-15:46:26.156589 181c             Options.wal_write_temperature: kUnknown
2025/02/09-15:46:26.156591 181c             Options.max_background_jobs: 2
2025/02/09-15:46:26.156593 181c             Options.max_background_compactions: -1
2025/02/09-15:46:26.156595 181c             Options.max_subcompactions: 1
2025/02/09-15:46:26.156597 181c             Options.avoid_flush_during_shutdown: 0
2025/02/09-15:46:26.156599 181c           Options.writable_file_max_buffer_size: 1048576
2025/02/09-15:46:26.156601 181c             Options.delayed_write_rate : 16777216
2025/02/09-15:46:26.156602 181c             Options.max_total_wal_size: 0
2025/02/09-15:46:26.156604 181c             Options.delete_obsolete_files_period_micros: 21600000000
2025/02/09-15:46:26.156606 181c                   Options.stats_dump_period_sec: 600
2025/02/09-15:46:26.156608 181c                 Options.stats_persist_period_sec: 600
2025/02/09-15:46:26.156610 181c                 Options.stats_history_buffer_size: 1048576
2025/02/09-15:46:26.156612 181c                          Options.max_open_files: 20
2025/02/09-15:46:26.156614 181c                          Options.bytes_per_sync: 0
2025/02/09-15:46:26.156615 181c                      Options.wal_bytes_per_sync: 0
2025/02/09-15:46:26.156617 181c                   Options.strict_bytes_per_sync: 0
2025/02/09-15:46:26.156619 181c       Options.compaction_readahead_size: 2097152
2025/02/09-15:46:26.156621 181c                  Options.max_background_flushes: -1
2025/02/09-15:46:26.156623 181c Options.daily_offpeak_time_utc: 
2025/02/09-15:46:26.156625 181c Compression algorithms supported:
2025/02/09-15:46:26.156630 181c 	kZSTD supported: 1
2025/02/09-15:46:26.156632 181c 	kSnappyCompression supported: 1
2025/02/09-15:46:26.156646 181c 	kBZip2Compression supported: 1
2025/02/09-15:46:26.156648 181c 	kZlibCompression supported: 1
2025/02/09-15:46:26.156650 181c 	kLZ4Compression supported: 1
2025/02/09-15:46:26.156652 181c 	kXpressCompression supported: 0
2025/02/09-15:46:26.156654 181c 	kLZ4HCCompression supported: 1
2025/02/09-15:46:26.156656 181c 	kZSTDNotFinalCompression supported: 1
2025/02/09-15:46:26.156661 181c Fast CRC32 supported: Not supported on x86
2025/02/09-15:46:26.156663 181c DMutex implementation: std::mutex
2025/02/09-15:46:26.156665 181c Jemalloc supported: 0
2025/02/09-15:46:26.272077 181c [:312] Creating manifest 1 
2025/02/09-15:46:26.579386 181c [c:6064] Recovering from manifest file: D:\boulot\python\wollama\src-tauri/database/wollama/MANIFEST-000001
2025/02/09-15:46:26.579744 181c [db/column_family.cc:629] --------------- Options for column family [default]:
2025/02/09-15:46:26.579751 181c               Options.comparator: leveldb.BytewiseComparator
2025/02/09-15:46:26.579754 181c           Options.merge_operator: None
2025/02/09-15:46:26.579756 181c        Options.compaction_filter: None
2025/02/09-15:46:26.579758 181c        Options.compaction_filter_factory: None
2025/02/09-15:46:26.579760 181c  Options.sst_partitioner_factory: None
2025/02/09-15:46:26.579762 181c         Options.memtable_factory: SkipListFactory
2025/02/09-15:46:26.579764 181c            Options.table_factory: BlockBasedTable
2025/02/09-15:46:26.579800 181c            table_factory options:   flush_block_policy_factory: FlushBlockBySizePolicyFactory (00000269D348ED20)
  cache_index_and_filter_blocks: 0
  cache_index_and_filter_blocks_with_high_priority: 1
  pin_l0_filter_and_index_blocks_in_cache: 0
  pin_top_level_index_and_filter: 1
  index_type: 0
  data_block_index_type: 0
  index_shortening: 1
  data_block_hash_table_util_ratio: 0.750000
  checksum: 4
  no_block_cache: 0
  block_cache: 00000269D34EBD80
  block_cache_name: LRUCache
  block_cache_options:
    capacity : 33554432
    num_shard_bits : 6
    strict_capacity_limit : 0
    memory_allocator : None
    high_pri_pool_ratio: 0.500
    low_pri_pool_ratio: 0.000
  persistent_cache: 0000000000000000
  block_size: 4096
  block_size_deviation: 10
  block_restart_interval: 16
  index_block_restart_interval: 1
  metadata_block_size: 4096
  partition_filters: 0
  use_delta_encoding: 1
  filter_policy: nullptr
  whole_key_filtering: 1
  verify_compression: 0
  read_amp_bytes_per_bit: 0
  format_version: 6
  enable_index_compression: 1
  block_align: 0
  max_auto_readahead_size: 262144
  prepopulate_block_cache: 0
  initial_auto_readahead_size: 8192
  num_file_reads_for_auto_readahead: 2
2025/02/09-15:46:26.579803 181c        Options.write_buffer_size: 67108864
2025/02/09-15:46:26.579805 181c  Options.max_write_buffer_number: 2
2025/02/09-15:46:26.579807 181c          Options.compression: Snappy
2025/02/09-15:46:26.579809 181c                  Options.bottommost_compression: Disabled
2025/02/09-15:46:26.579811 181c       Options.prefix_extractor: nullptr
2025/02/09-15:46:26.579813 181c   Options.memtable_insert_with_hint_prefix_extractor: nullptr
2025/02/09-15:46:26.579815 181c             Options.num_levels: 7
2025/02/09-15:46:26.579817 181c        Options.min_write_buffer_number_to_merge: 1
2025/02/09-15:46:26.579819 181c     Options.max_write_buffer_number_to_maintain: 0
2025/02/09-15:46:26.579820 181c     Options.max_write_buffer_size_to_maintain: 0
2025/02/09-15:46:26.579822 181c            Options.bottommost_compression_opts.window_bits: -14
2025/02/09-15:46:26.579824 181c                  Options.bottommost_compression_opts.level: 32767
2025/02/09-15:46:26.579826 181c               Options.bottommost_compression_opts.strategy: 0
2025/02/09-15:46:26.579828 181c         Options.bottommost_compression_opts.max_dict_bytes: 0
2025/02/09-15:46:26.579830 181c         Options.bottommost_compression_opts.zstd_max_train_bytes: 0
2025/02/09-15:46:26.579832 181c         Options.bottommost_compression_opts.parallel_threads: 1
2025/02/09-15:46:26.579834 181c                  Options.bottommost_compression_opts.enabled: false
2025/02/09-15:46:26.579838 181c         Options.bottommost_compression_opts.max_dict_buffer_bytes: 0
2025/02/09-15:46:26.579840 181c         Options.bottommost_compression_opts.use_zstd_dict_trainer: true
2025/02/09-15:46:26.579842 181c            Options.compression_opts.window_bits: -14
2025/02/09-15:46:26.579844 181c                  Options.compression_opts.level: 32767
2025/02/09-15:46:26.579846 181c               Options.compression_opts.strategy: 0
2025/02/09-15:46:26.579848 181c         Options.compression_opts.max_dict_bytes: 0
2025/02/09-15:46:26.579850 181c         Options.compression_opts.zstd_max_train_bytes: 0
2025/02/09-15:46:26.579852 181c         Options.compression_opts.use_zstd_dict_trainer: true
2025/02/09-15:46:26.579853 181c         Options.compression_opts.parallel_threads: 1
2025/02/09-15:46:26.579855 181c                  Options.compression_opts.enabled: false
2025/02/09-15:46:26.579857 181c         Options.compression_opts.max_dict_buffer_bytes: 0
2025/02/09-15:46:26.579859 181c      Options.level0_file_num_compaction_trigger: 4
2025/02/09-15:46:26.579861 181c          Options.level0_slowdown_writes_trigger: 20
2025/02/09-15:46:26.579863 181c              Options.level0_stop_writes_trigger: 36
2025/02/09-15:46:26.579865 181c                   Options.target_file_size_base: 67108864
2025/02/09-15:46:26.579867 181c             Options.target_file_size_multiplier: 1
2025/02/09-15:46:26.579868 181c                Options.max_bytes_for_level_base: 268435456
2025/02/09-15:46:26.579870 181c Options.level_compaction_dynamic_level_bytes: 1
2025/02/09-15:46:26.579872 181c          Options.max_bytes_for_level_multiplier: 10.000000
2025/02/09-15:46:26.579875 181c Options.max_bytes_for_level_multiplier_addtl[0]: 1
2025/02/09-15:46:26.579877 181c Options.max_bytes_for_level_multiplier_addtl[1]: 1
2025/02/09-15:46:26.579879 181c Options.max_bytes_for_level_multiplier_addtl[2]: 1
2025/02/09-15:46:26.579881 181c Options.max_bytes_for_level_multiplier_addtl[3]: 1
2025/02/09-15:46:26.579882 181c Options.max_bytes_for_level_multiplier_addtl[4]: 1
2025/02/09-15:46:26.579884 181c Options.max_bytes_for_level_multiplier_addtl[5]: 1
2025/02/09-15:46:26.579886 181c Options.max_bytes_for_level_multiplier_addtl[6]: 1
2025/02/09-15:46:26.579888 181c       Options.max_sequential_skip_in_iterations: 8
2025/02/09-15:46:26.579890 181c                    Options.max_compaction_bytes: 1677721600
2025/02/09-15:46:26.579892 181c                        Options.arena_block_size: 1048576
2025/02/09-15:46:26.579894 181c   Options.soft_pending_compaction_bytes_limit: 68719476736
2025/02/09-15:46:26.579896 181c   Options.hard_pending_compaction_bytes_limit: 274877906944
2025/02/09-15:46:26.579898 181c                Options.disable_auto_compactions: 0
2025/02/09-15:46:26.579901 181c                        Options.compaction_style: kCompactionStyleLevel
2025/02/09-15:46:26.579904 181c                          Options.compaction_pri: kMinOverlappingRatio
2025/02/09-15:46:26.579906 181c Options.compaction_options_universal.size_ratio: 1
2025/02/09-15:46:26.579908 181c Options.compaction_options_universal.min_merge_width: 2
2025/02/09-15:46:26.579909 181c Options.compaction_options_universal.max_merge_width: 4294967295
2025/02/09-15:46:26.579911 181c Options.compaction_options_universal.max_size_amplification_percent: 200
2025/02/09-15:46:26.579913 181c Options.compaction_options_universal.compression_size_percent: -1
2025/02/09-15:46:26.579917 181c Options.compaction_options_universal.stop_style: kCompactionStopStyleTotalSize
2025/02/09-15:46:26.579919 181c Options.compaction_options_universal.max_read_amp: -1
2025/02/09-15:46:26.579921 181c Options.compaction_options_fifo.max_table_files_size: 1073741824
2025/02/09-15:46:26.579923 181c Options.compaction_options_fifo.allow_compaction: 0
2025/02/09-15:46:26.579929 181c                   Options.table_properties_collectors: 
2025/02/09-15:46:26.579931 181c                   Options.inplace_update_support: 0
2025/02/09-15:46:26.579933 181c                 Options.inplace_update_num_locks: 10000
2025/02/09-15:46:26.579966 181c               Options.memtable_prefix_bloom_size_ratio: 0.000000
2025/02/09-15:46:26.579968 181c               Options.memtable_whole_key_filtering: 0
2025/02/09-15:46:26.579970 181c   Options.memtable_huge_page_size: 0
2025/02/09-15:46:26.579972 181c                           Options.bloom_locality: 0
2025/02/09-15:46:26.579974 181c                    Options.max_successive_merges: 0
2025/02/09-15:46:26.579976 181c             Options.strict_max_successive_merges: 0
2025/02/09-15:46:26.579978 181c                Options.optimize_filters_for_hits: 0
2025/02/09-15:46:26.579980 181c                Options.paranoid_file_checks: 0
2025/02/09-15:46:26.579981 181c                Options.force_consistency_checks: 1
2025/02/09-15:46:26.579983 181c                Options.report_bg_io_stats: 0
2025/02/09-15:46:26.579985 181c                               Options.ttl: 2592000
2025/02/09-15:46:26.579987 181c          Options.periodic_compaction_seconds: 0
2025/02/09-15:46:26.579989 181c                        Options.default_temperature: kUnknown
2025/02/09-15:46:26.579991 181c  Options.preclude_last_level_data_seconds: 0
2025/02/09-15:46:26.579993 181c    Options.preserve_internal_time_seconds: 0
2025/02/09-15:46:26.579995 181c                       Options.enable_blob_files: false
2025/02/09-15:46:26.579997 181c                           Options.min_blob_size: 0
2025/02/09-15:46:26.579999 181c                          Options.blob_file_size: 268435456
2025/02/09-15:46:26.580001 181c                   Options.blob_compression_type: NoCompression
2025/02/09-15:46:26.580003 181c          Options.enable_blob_garbage_collection: false
2025/02/09-15:46:26.580005 181c      Options.blob_garbage_collection_age_cutoff: 0.250000
2025/02/09-15:46:26.580007 181c Options.blob_garbage_collection_force_threshold: 1.000000
2025/02/09-15:46:26.580009 181c          Options.blob_compaction_readahead_size: 0
2025/02/09-15:46:26.580011 181c                Options.blob_file_starting_level: 0
2025/02/09-15:46:26.580013 181c         Options.experimental_mempurge_threshold: 0.000000
2025/02/09-15:46:26.580015 181c            Options.memtable_max_range_deletions: 0
2025/02/09-15:46:26.581984 181c [e_number is %llu, next_file_number is %llu, last_sequence is %llu, log_number is %llu,prev_log_number is %llu,max_column_family is %u,min_log_number_to_keep is %llu
:6122] Recovered from manifest file:D:\boulot\python\wollama\src-tauri/database/wollama/MANIFEST-000001 succeeded,manifest_file_number is 1, next_file_number is 3, last_sequence is 0, log_number is 0,prev_log_number is 0,max_column_family is 0,min_log_number_to_keep is 0
2025/02/09-15:46:26.581996 181c [ocate MANIFEST file in :6131] Column family [default] (ID 0), log number is 0
2025/02/09-15:46:26.582006 181c [ new Db, wal_dir contains existing log file: :686] DB ID: a2ea7481-e6f4-11ef-880c-4401bba34fc7
2025/02/09-15:46:26.582854 181c [rocksdb/db/version_set.cc:5552] Creating manifest 5
2025/02/09-15:46:26.809817 181c [() failed --- Unable to persist Options file:2252] SstFileManager instance 00000269D50AEA60
2025/02/09-15:46:26.810610 181c DB pointer 00000269D50AC9C0
2025/02/09-15:46:26.811074 9200 [[%s:1211] %s:1210] ------- DUMPING STATS -------
2025/02/09-15:46:26.811087 9200 [ STATS -------:1211] 
** DB Stats **
Uptime(secs): 0.2 total, 0.2 interval
Cumulative writes: 0 writes, 0 keys, 0 commit groups, 0.0 writes per commit group, ingest: 0.00 GB, 0.00 MB/s
Cumulative WAL: 0 writes, 0 syncs, 0.00 writes per sync, written: 0.00 GB, 0.00 MB/s
Cumulative stall: 00:00:0.000 H:M:S, 0.0 percent
Interval writes: 0 writes, 0 keys, 0 commit groups, 0.0 writes per commit group, ingest: 0.00 MB, 0.00 MB/s
Interval WAL: 0 writes, 0 syncs, 0.00 writes per sync, written: 0.00 GB, 0.00 MB/s
Interval stall: 00:00:0.000 H:M:S, 0.0 percent
Write Stall (count): write-buffer-manager-limit-stops: 0

** Compaction Stats [default] **
Level    Files   Size     Score Read(GB)  Rn(GB) Rnp1(GB) Write(GB) Wnew(GB) Moved(GB) W-Amp Rd(MB/s) Wr(MB/s) Comp(sec) CompMergeCPU(sec) Comp(cnt) Avg(sec) KeyIn KeyDrop Rblob(GB) Wblob(GB)
------------------------------------------------------------------------------------------------------------------------------------------------------------------------------------------------
 Sum      0/0    0.00 KB   0.0      0.0     0.0      0.0       0.0      0.0       0.0   0.0      0.0      0.0      0.00              0.00         0    0.000       0      0       0.0       0.0
 Int      0/0    0.00 KB   0.0      0.0     0.0      0.0       0.0      0.0       0.0   0.0      0.0      0.0      0.00              0.00         0    0.000       0      0       0.0       0.0

** Compaction Stats [default] **
Priority    Files   Size     Score Read(GB)  Rn(GB) Rnp1(GB) Write(GB) Wnew(GB) Moved(GB) W-Amp Rd(MB/s) Wr(MB/s) Comp(sec) CompMergeCPU(sec) Comp(cnt) Avg(sec) KeyIn KeyDrop Rblob(GB) Wblob(GB)
---------------------------------------------------------------------------------------------------------------------------------------------------------------------------------------------------

Blob file count: 0, total size: 0.0 GB, garbage size: 0.0 GB, space amp: 0.0

Uptime(secs): 0.2 total, 0.2 interval
Flush(GB): cumulative 0.000, interval 0.000
AddFile(GB): cumulative 0.000, interval 0.000
AddFile(Total Files): cumulative 0, interval 0
AddFile(L0 Files): cumulative 0, interval 0
AddFile(Keys): cumulative 0, interval 0
Cumulative compaction: 0.00 GB write, 0.00 MB/s write, 0.00 GB read, 0.00 MB/s read, 0.0 seconds
Interval compaction: 0.00 GB write, 0.00 MB/s write, 0.00 GB read, 0.00 MB/s read, 0.0 seconds
Estimated pending compaction bytes: 0
Write Stall (count): cf-l0-file-count-limit-delays-with-ongoing-compaction: 0, cf-l0-file-count-limit-stops-with-ongoing-compaction: 0, l0-file-count-limit-delays: 0, l0-file-count-limit-stops: 0, memtable-limit-delays: 0, memtable-limit-stops: 0, pending-compaction-bytes-delays: 0, pending-compaction-bytes-stops: 0, total-delays: 0, total-stops: 0
Block cache LRUCache@00000269D34EBD80#19432 capacity: 32.00 MB seed: 465888634 usage: 0.08 KB table_size: 1024 occupancy: 1 collections: 1 last_copies: 0 last_secs: 8e-05 secs_since: 0
Block cache entry stats(count,size,portion): Misc(1,0.00 KB,0%)

** File Read Latency Histogram By Level [default] **
